$GPGSV,2,2,08,15,30,050,47,19,09,158,,26,12,281,40,27,38,173,41*7B

$GPGGA,210230,3855.4487,N,09446.0071,W,1,07,1.1,370.5,M,-29.5,M,,*7A

$GPGSV,2,1,08,02,74,042,45,04,18,190,36,07,67,279,42,12,29,323,36*77

$GPRMC,210230,A,3855.4487,N,09446.0071,W,0.0,076.2,130495,003.8,E*69

$GPGGA,123519,4807.038,N,01131.000,E,1,08,0.9,545.4,M,46.9,M,,*47
$GPGSA,A,3,04,05,,09,12,,,24,,,,,2.5,1.3,2.1*39
$GPGSV,2,1,08,01,40,083,46,02,17,308,41,12,07,344,39,14,22,228,45*75
$GPRMC,123519,A,4807.038,N,01131.000,E,022.4,084.4,230394,003.1,W*6A
$GPGLL,4916.45,N,12311.12,W,225444,A,*31
$GPGGA,002153.000,3342.6618,N,11751.3858,W,1,10,1.2,27.0,M,-34.2,M,,0000*5E
